 PAYOFF TABLE
       10.00       38.00
       48.00        1.00

 Grid points
       38.00
       37.58
       37.17
       36.75
       36.34
       35.92
       35.51
       35.09
       34.67
       34.26
       33.84
       33.43
       33.01
       32.60
       32.18
       31.76
       31.35
       30.93
       30.52
       30.10
       29.69
       29.27
       28.85
       28.44
       28.02
       27.61
       27.19
       26.78
       26.36
       25.94
       25.53
       25.11
       24.70
       24.28
       23.87
       23.45
       23.03
       22.62
       22.20
       21.79
       21.37
       20.96
       20.54
       20.12
       19.71
       19.29
       18.88
       18.46
       18.04
       17.63
       17.21
       16.80
       16.38
       15.97
       15.55
       15.13
       14.72
       14.30
       13.89
       13.47
       13.06
       12.64
       12.22
       11.81
       11.39
       10.98
       10.56
       10.15
        9.73
        9.31
        8.90
        8.48
        8.07
        7.65
        7.24
        6.82
        6.40
        5.99
        5.57
        5.16
        4.74
        4.33
        3.91
        3.49
        3.08
        2.66
        2.25
        1.83
        1.42
        1.00

Efficient solutions
    1       10.00       38.00
    2       11.00       34.00   jump
    3       12.00       31.00   jump
    4       13.00       28.00   jump
    5       14.00       26.00   jump
    6       15.00       24.00   jump
    7       16.00       23.00   jump
    8       17.00       21.00   jump
    9       18.00       19.00   jump
   10       19.00       18.00   jump
   11       20.00       17.00   jump
   12       21.00       16.00   jump
   13       22.00       15.00   jump
   14       23.00       14.00   jump
   15       24.00       13.00   jump
   16       26.00       12.00   jump
   17       28.00       11.00   jump
   18       30.00       10.00   jump
   19       32.00        9.00   jump
   20       34.00        8.00   jump
   21       36.00        7.00   jump
   22       38.00        6.00   jump
   23       40.00        5.00   jump
   24       42.00        4.00   jump
   25       44.00        3.00   jump
   26       46.00        2.00   jump
   27       48.00        1.00   jump
   28       48.00        1.00

Infeasibilities =     0
Elapsed time:    4020.57 seconds
